159
130
158
148
217
237
270
271
345
367
396
407
474
490
525
538
634
607
612
626
646
715
722
754
798
841
851
884
917
963
1001
1013
1031
1079
1089
1091
1256
1199
1233
1247
1286
1308
1329
1333
1418
1441
1485
1527
1603
1661
1647
1675
1728
1747
1753
1765
1860
1839
1846
1872
1898
1945
1956
1982
2016
2041
2076
2081
2115
2181
2183
2194
2208
2279
2304
2324
19
90
116
150
176
256
245
275
328
394
400
412
467
495
524
544
596
608
613 
629
698
720
742
755
791
833
862
885
1021
965
979
1018
1035
1078
1086
1093
1162
1198
1231
1251
1290
1316
1328
1339
1392
1445
1524
1532
1601
1634
1666
1676
1722
1739
1746
1766
1814
1857
1852
1874
1903
1947
1961
1985
2035
2051
2067
2089
2108
2163
2184
2197
2222
2301
2322
2333
2350
2351
2352
2353
2354
2355
2356
2357
2358
2359
2360
2361
2362
2363
2364
2365
2366
2367
2368
2369
2370
2371
2372
2373
2374
2375
2376
2377
2378
2379
2380
2381
2382
2383
2384
2385
2386
2387
2388
2389
2390
2391
2392
2393
2394
2395
2396
2397
2398
2399
2400
2401
2402
2403
2404
2405
2406
2407
2408
2409
2410
2411
2412
2413
2414
2415
2416
2417
2418
2419
2420
2421
2423
2424
2425
2426
2427
2428
2429
2430
2434
2435
2433
2436
2437
2438
2439
2440